[array([[0.63772546, 0.48789469, 0.59515656],
       [0.21053569, 0.35961489, 0.85492908],
       [0.39417816, 0.02165338, 0.63085982],
       [0.94011421, 0.16063147, 0.31340399]]), array([0.28680031, 0.63202316, 0.21995135]), array([[-1.85429374,  2.40638597,  1.16868448],
       [ 2.1840893 ,  0.16011102, -0.91912066],
       [-5.48394853,  0.19784941,  6.33279049],
       [-3.53625761, -1.54619918,  6.49660646]]), array([-0.71319969,  5.63202316, -3.78004865]), 1.0, 1.0, 0.0, 1.0, 1.0, 1.0]
[array([[0.53815271, 0.02483708, 0.40255041],
       [0.77004967, 0.43674006, 0.52439966],
       [0.36471852, 0.38135967, 0.07159343],
       [0.92919604, 0.50655434, 0.43157655]]), array([0.80444295, 0.56832791, 0.21532388]), array([[-0.01558446,  0.55595625,  0.42516841],
       [ 0.90172222,  0.50886838,  0.32059879],
       [-0.22218475,  0.06932219,  0.97053417],
       [ 0.3760776 ,  0.33587127,  1.15537805]]), array([0.50444295, 1.06832791, 0.01532388]), 0.1, 1.0, 0.0, 1.0, 1.0, 1.0]
[array([[0.66353163, 0.17383354, 0.13264536],
       [0.36174229, 0.76715297, 0.92161397],
       [0.3807278 , 0.07718257, 0.67432315],
       [0.47095402, 0.21574602, 0.5506521 ]]), array([0.7973157 , 0.62954516, 0.07004265]), array([[0.41299686, 0.34985007, 0.2071636 ],
       [0.65384664, 0.65598328, 0.74067931],
       [0.08404779, 0.229325  , 0.81886073],
       [0.21936981, 0.35926021, 0.65872212]]), array([0.6073157 , 0.66954516, 0.22004265]), 0.01, 1.0, 0.0, 1.0, 1.0, 1.0]
[array([[0.89382837, 0.07592324, 0.13545694],
       [0.35526995, 0.75397939, 0.14935321],
       [0.86388805, 0.38356295, 0.87870307],
       [0.26573639, 0.38967417, 0.19644657]]), array([0.85258338, 0.76942487, 0.56196999]), array([[ 0.52626968,  0.30178419,  0.27715469],
       [ 0.47663276,  0.42443277,  0.35753702],
       [ 0.53019324,  0.57464242,  1.02131841],
       [-0.02092516,  0.46517224,  0.40761005]]), array([0.74058338, 0.85242487, 0.59096999]), 0.001, 0.8181818181818181, 1.1102230246251565e-16, 0.8181818181818182, 0.8181818181818182, 0.8181818181818182]
