[array([[0.38816993, 0.64328822, 0.45825289],
       [0.54561679, 0.94146481, 0.38610264],
       [0.96119056, 0.90535064, 0.19579113],
       [0.0693613 , 0.100778  , 0.01822183]]), array([0.09444296, 0.68300677, 0.07118865]), array([[-1.87514334,  2.85304987,  1.07934184],
       [ 2.11181856, -0.47011656, -0.73103035],
       [-3.546546  ,  0.42625446,  4.64566631],
       [-3.11013831, -1.02984034,  5.83854558]]), array([-0.16755736,  3.21233911, -1.81817503]), 1.0, 13.48, 2.4838679514016038, 11, 13.0, 20]
[array([[0.38816993, 0.64328822, 0.45825289],
       [0.54561679, 0.94146481, 0.38610264],
       [0.96119056, 0.90535064, 0.19579113],
       [0.0693613 , 0.100778  , 0.01822183]]), array([0.09444296, 0.68300677, 0.07118865]), array([[ 0.40765934,  0.82752697,  0.82206206],
       [ 0.74352898,  0.11304858,  0.05409409],
       [-0.17881478,  0.80990709,  0.89428246],
       [ 0.51027328,  0.08683936,  1.10145428]]), array([0.43244264, 0.71233911, 0.08182497]), 0.1, 13.32, 2.6939933184772378, 10, 13.0, 18]
[array([[0.38816993, 0.64328822, 0.45825289],
       [0.54561679, 0.94146481, 0.38610264],
       [0.96119056, 0.90535064, 0.19579113],
       [0.0693613 , 0.100778  , 0.01822183]]), array([0.09444296, 0.68300677, 0.07118865]), array([[ 0.46973768,  0.73362187,  0.85388882],
       [ 0.7036896 ,  0.18348879,  0.02349326],
       [-0.02272784,  0.7960956 ,  0.75200701],
       [ 0.62488981,  0.22228888,  0.85138823]]), array([0.54244264, 0.56233911, 0.12182497]), 0.01, 15.2, 3.3823069050575527, 12, 14.0, 26]
[array([[0.38816993, 0.64328822, 0.45825289],
       [0.54561679, 0.94146481, 0.38610264],
       [0.96119056, 0.90535064, 0.19579113],
       [0.0693613 , 0.100778  , 0.01822183]]), array([0.09444296, 0.68300677, 0.07118865]), array([[0.52901853, 0.30333658, 0.46036754],
       [0.64898526, 0.61976037, 0.44841286],
       [0.32691184, 0.78272904, 0.56175183],
       [0.42163271, 0.36727415, 0.93939845]]), array([0.46952971, 0.55577468, 0.23428977]), 0.001, 24.24, 8.420356286998787, 10, 23.0, 42]
