[array([[0.37454012, 0.95071431, 0.73199394],
       [0.59865848, 0.15601864, 0.15599452],
       [0.05808361, 0.86617615, 0.60111501],
       [0.70807258, 0.02058449, 0.96990985]]), array([0.83244264, 0.21233911, 0.18182497]), array([[-1.28545971,  0.15504529, -0.28581617],
       [ 2.14558075, -2.24416631, -0.4333092 ],
       [-3.02591517,  3.62733835,  5.68692797],
       [-2.05883594, -3.53436203,  4.38708136]]), array([-2.16755736, -0.78766089, -5.81817503]), 1.0, 0.18181818181818177, 0.0, 0.18181818181818177, 0.18181818181818177, 0.18181818181818177]
[array([[0.18340451, 0.30424224, 0.52475643],
       [0.43194502, 0.29122914, 0.61185289],
       [0.13949386, 0.29214465, 0.36636184],
       [0.45606998, 0.78517596, 0.19967378]]), array([0.51423444, 0.59241457, 0.04645041]), array([[-0.28874629,  0.03807682, -0.19659629],
       [ 0.38621259, -0.14583779, -0.06523253],
       [-0.38875319,  0.32090439,  0.7508102 ],
       [-0.00525694, -0.38696476,  0.40958324]]), array([-0.18576556, -0.10758543, -0.75354959]), 0.1, 0.09090909090909094, 0.0, 0.09090909090909094, 0.09090909090909094, 0.09090909090909094]
[array([[0.60754485, 0.17052412, 0.06505159],
       [0.94888554, 0.96563203, 0.80839735],
       [0.30461377, 0.09767211, 0.68423303],
       [0.44015249, 0.12203823, 0.49517691]]), array([0.03438852, 0.9093204 , 0.25877998]), array([[-0.17669399, -0.00654252, -0.14448804],
       [ 0.66184552, -0.01558936, -0.03083868],
       [-0.42382606,  0.05354354,  0.56028197],
       [-0.29708427, -0.04857463,  0.26812017]]), array([-0.07561148, -0.0106796 , -0.48122002]), 0.01, 0.09090909090909094, 0.0, 0.09090909090909094, 0.09090909090909094, 0.09090909090909094]
[array([[0.66252228, 0.31171108, 0.52006802],
       [0.54671028, 0.18485446, 0.96958463],
       [0.77513282, 0.93949894, 0.89482735],
       [0.59789998, 0.92187424, 0.0884925 ]]), array([0.19598286, 0.04522729, 0.32533033]), array([[-0.02256489, -0.14478484,  0.45380535],
       [ 0.63915423,  0.01662973,  0.83847683],
       [ 0.05415802,  0.49076518,  0.89551167],
       [-0.11509277,  0.4344736 ,  0.11684783]]), array([-0.03701714, -0.21677271,  0.08733033]), 0.001, 0.4545454545454546, 0.0, 0.4545454545454546, 0.4545454545454546, 0.4545454545454546]
