[array([[0.89382837, 0.07592324, 0.13545694],
       [0.35526995, 0.75397939, 0.14935321],
       [0.86388805, 0.38356295, 0.87870307],
       [0.26573639, 0.38967417, 0.19644657]]), array([0.85258338, 0.76942487, 0.56196999]), array([[-1.85429374,  2.40638597,  1.16868448],
       [ 2.1840893 ,  0.16011102, -0.91912066],
       [-5.48394853,  0.19784941,  6.33279049],
       [-3.53625761, -1.54619918,  6.49660646]]), array([-0.71319969,  5.63202316, -3.78004865]), 1.0, array([[31,  0,  0],
       [ 0, 35,  2],
       [ 0,  3, 34]], dtype=int64), array([[ 6,  0,  0],
       [ 0, 10,  0],
       [ 0,  0,  7]], dtype=int64), array([[13,  0,  0],
       [ 0,  3,  0],
       [ 0,  0,  6]], dtype=int64)]
