[array([[0.24966801, 0.48942496, 0.22120944],
       [0.98766801, 0.94405934, 0.03942681],
       [0.70557517, 0.92524832, 0.18057535],
       [0.56794523, 0.9154883 , 0.03394598],
       [0.69742027, 0.29734901, 0.9243962 ],
       [0.97105825, 0.94426649, 0.47421422],
       [0.86204265, 0.8445494 , 0.31910047],
       [0.82891547, 0.03700763, 0.59626988],
       [0.23000884, 0.12056689, 0.0769532 ],
       [0.69628878, 0.33987496, 0.72476677],
       [0.06535634, 0.31529034, 0.53949129],
       [0.79072316, 0.3187525 , 0.62589138],
       [0.88597775, 0.61586319, 0.23295947]]), array([0.02440078, 0.87009887, 0.02126941]), array([[ 3.24249302, -3.18571448,  1.70149676],
       [ 2.16575398, -1.91046754,  2.24277022],
       [ 3.89048993, -4.43062829,  2.50452508],
       [-4.21027078,  5.33175283, -0.18383252],
       [-2.80128198,  2.93509857,  2.04047624],
       [ 2.62619917,  0.42570587, -1.92646657],
       [ 4.39270769,  0.02963911, -1.77198477],
       [-0.1609927 ,  1.7697079 , -0.45179547],
       [ 0.14555461,  2.94812758, -1.35968331],
       [ 2.56046905, -3.98574311,  3.97706027],
       [-1.87460599,  5.41349204, -0.97548552],
       [ 1.87403786,  0.61765675, -1.66464296],
       [ 4.30698302, -3.5906482 ,  1.07253365]]), array([-0.32829932,  1.61812824,  0.35816272]), 1.0, 0.9466666666666665, 0.02787390773663226, 0.8888888888888888, 0.9629629629629629, 1.0]
[array([[0.24966801, 0.48942496, 0.22120944],
       [0.98766801, 0.94405934, 0.03942681],
       [0.70557517, 0.92524832, 0.18057535],
       [0.56794523, 0.9154883 , 0.03394598],
       [0.69742027, 0.29734901, 0.9243962 ],
       [0.97105825, 0.94426649, 0.47421422],
       [0.86204265, 0.8445494 , 0.31910047],
       [0.82891547, 0.03700763, 0.59626988],
       [0.23000884, 0.12056689, 0.0769532 ],
       [0.69628878, 0.33987496, 0.72476677],
       [0.06535634, 0.31529034, 0.53949129],
       [0.79072316, 0.3187525 , 0.62589138],
       [0.88597775, 0.61586319, 0.23295947]]), array([0.02440078, 0.87009887, 0.02126941]), array([[ 1.18990586,  0.0883083 ,  0.40748333],
       [ 0.51760081,  0.24939166,  0.38327365],
       [ 0.67420398,  0.0296219 ,  0.69656437],
       [ 0.15188866,  0.78680341,  0.60632044],
       [ 0.66373247,  0.76319324,  0.87093328],
       [ 0.55864679,  0.31689619,  0.17436613],
       [ 0.60804446,  0.13965817,  0.18358915],
       [ 0.37524799,  0.06012505,  0.3974312 ],
       [ 0.6631316 ,  0.60496002,  0.02463103],
       [ 0.77356861, -0.01663364,  0.96022351],
       [ 0.65785451,  1.11205953, -0.09852133],
       [ 0.81602586,  0.57987174,  0.33240772],
       [ 1.04429541, -0.25094376,  0.46624251]]), array([ 0.7353025 ,  0.82078006, -0.21348149]), 0.1, 0.9525925925925925, 0.030577433245259696, 0.8888888888888888, 0.9629629629629629, 1.0]
[array([[0.24966801, 0.48942496, 0.22120944],
       [0.98766801, 0.94405934, 0.03942681],
       [0.70557517, 0.92524832, 0.18057535],
       [0.56794523, 0.9154883 , 0.03394598],
       [0.69742027, 0.29734901, 0.9243962 ],
       [0.97105825, 0.94426649, 0.47421422],
       [0.86204265, 0.8445494 , 0.31910047],
       [0.82891547, 0.03700763, 0.59626988],
       [0.23000884, 0.12056689, 0.0769532 ],
       [0.69628878, 0.33987496, 0.72476677],
       [0.06535634, 0.31529034, 0.53949129],
       [0.79072316, 0.3187525 , 0.62589138],
       [0.88597775, 0.61586319, 0.23295947]]), array([0.02440078, 0.87009887, 0.02126941]), array([[0.84091384, 0.38374073, 0.82277186],
       [0.59714836, 0.25366807, 0.40117773],
       [0.47529278, 0.23509409, 0.315581  ],
       [0.48020738, 0.84109118, 0.88781545],
       [0.52017118, 0.45291339, 0.30088622],
       [0.69817991, 0.34112897, 0.33191936],
       [0.63596299, 0.44591107, 0.09459013],
       [0.82733451, 0.75214554, 0.50395669],
       [0.53593999, 0.65091072, 0.30162124],
       [0.46701097, 0.00654734, 0.96218596],
       [0.6354626 , 0.59097058, 0.21981583],
       [0.79632018, 0.48585949, 0.40468491],
       [0.76069952, 0.22456419, 0.15018939]]), array([0.74212391, 1.10211828, 0.52513318]), 0.01, 0.9303703703703704, 0.03365279019733495, 0.8518518518518519, 0.9259259259259259, 1.0]
[array([[0.24966801, 0.48942496, 0.22120944],
       [0.98766801, 0.94405934, 0.03942681],
       [0.70557517, 0.92524832, 0.18057535],
       [0.56794523, 0.9154883 , 0.03394598],
       [0.69742027, 0.29734901, 0.9243962 ],
       [0.97105825, 0.94426649, 0.47421422],
       [0.86204265, 0.8445494 , 0.31910047],
       [0.82891547, 0.03700763, 0.59626988],
       [0.23000884, 0.12056689, 0.0769532 ],
       [0.69628878, 0.33987496, 0.72476677],
       [0.06535634, 0.31529034, 0.53949129],
       [0.79072316, 0.3187525 , 0.62589138],
       [0.88597775, 0.61586319, 0.23295947]]), array([0.02440078, 0.87009887, 0.02126941]), array([[0.86476877, 0.3309056 , 0.69691588],
       [0.33247428, 0.46881109, 0.37241224],
       [0.54600938, 0.512366  , 0.66314862],
       [0.67128684, 0.7600153 , 0.64384276],
       [0.2930562 , 0.17526893, 0.25826781],
       [0.45918754, 0.83114039, 0.31976999],
       [1.03372448, 0.65473325, 0.62953875],
       [0.49298085, 0.53379689, 0.54528093],
       [0.36662103, 0.64324275, 0.18860368],
       [0.27770438, 0.18927626, 0.3799183 ],
       [0.90672394, 1.18119129, 0.72133632],
       [0.44435385, 0.21368947, 0.65589056],
       [0.80097188, 0.64963398, 0.90785309]]), array([0.60400946, 0.51544889, 0.41309773]), 0.001, 0.8725925925925925, 0.07914495045447752, 0.6296296296296297, 0.8888888888888888, 0.9629629629629629]
