[array([[0.31941909, 0.09430223, 0.752501  ],
       [0.56710931, 0.13326582, 0.56638989],
       [0.50012989, 0.14619496, 0.64636622],
       [0.19590306, 0.79014332, 0.03809734],
       [0.09861528, 0.92708816, 0.87718935],
       [0.520767  , 0.35645841, 0.26370403],
       [0.82482358, 0.38661272, 0.15867112],
       [0.77232731, 0.36027753, 0.54868968],
       [0.0763656 , 0.68024636, 0.66375422],
       [0.38921979, 0.30762229, 0.02791975],
       [0.44545527, 0.05209488, 0.48917429],
       [0.8864075 , 0.12003054, 0.80363995],
       [0.90769281, 0.74114107, 0.19852195]]), array([0.57183761, 0.20972705, 0.05037475]), array([[ 4.30932493e+00, -5.67514853e+00,  2.53204592e+00],
       [ 2.38936549e+00, -1.35357702e+00,  2.30976547e-01],
       [ 5.25207308e+00, -5.61651159e+00,  1.65712959e+00],
       [-6.23019578e+00,  5.50613600e+00,  1.74820350e+00],
       [ 8.70962022e-01,  4.53739791e-01,  5.78190966e-01],
       [ 7.61116736e-01,  2.46334436e+00, -2.08353165e+00],
       [ 1.25652927e+00,  2.17440672e+00, -2.06082858e+00],
       [ 1.49752986e+00,  1.84182784e-01, -4.18118512e-04],
       [-5.89426373e-01,  1.97521371e+00,  3.45788440e-02],
       [ 1.02077197e+00, -2.55516474e+00,  2.25915460e+00],
       [-1.44110038e+00,  5.15259797e+00, -2.72477315e+00],
       [ 1.80449533e+00,  7.95622570e-01, -7.90039911e-01],
       [ 5.28955619e+00, -5.87589700e+00,  2.43369664e+00]]), array([ 0.57183761,  1.20972705, -0.94962525]), 1.0, 0.03703703703703709, 0.0, 0.03703703703703709, 0.03703703703703709, 0.03703703703703709]
[array([[0.30860906, 0.492757  , 0.37166605],
       [0.54105758, 0.772384  , 0.56367087],
       [0.14573373, 0.27629645, 0.94056969],
       [0.64146137, 0.50299176, 0.60932875],
       [0.48081077, 0.17416025, 0.94618667],
       [0.88085993, 0.51609939, 0.00256965],
       [0.22546116, 0.54343166, 0.20970227],
       [0.53761505, 0.16951518, 0.20389497],
       [0.41013792, 0.08908634, 0.21602751],
       [0.13315734, 0.56637238, 0.37026498],
       [0.27203389, 0.41174653, 0.76207436],
       [0.72982867, 0.55245574, 0.50112805],
       [0.89170077, 0.21876292, 0.2457382 ]]), array([0.09605161, 0.91906117, 0.63678552]), array([[ 0.66907742, -0.1865624 ,  0.69051708],
       [ 0.67489513,  0.40940029,  0.79281704],
       [ 0.55164086,  0.07032415,  0.74063487],
       [ 0.19449222,  0.88420187,  0.67508779],
       [ 0.0790169 ,  0.78320181,  0.73893898],
       [ 1.00017962,  0.41917633, -0.01982698],
       [ 0.52084735,  0.61263204, -0.15488429],
       [ 0.54119127,  0.27576052,  0.09407341],
       [ 0.23445703,  0.60961282, -0.12881808],
       [ 0.17493193,  0.03725667,  0.8576061 ],
       [ 0.29732763,  0.97659421,  0.17193294],
       [ 1.03843949,  0.50043341,  0.24453957],
       [ 1.13764566, -0.09972045,  0.31827667]]), array([0.39605161, 0.81906117, 0.43678552]), 0.1, 0.03703703703703709, 0.0, 0.03703703703703709, 0.03703703703703709, 0.03703703703703709]
[array([[0.91005846, 0.75896296, 0.21395025],
       [0.84043778, 0.92884339, 0.99844581],
       [0.52174961, 0.08541581, 0.01762479],
       [0.5126349 , 0.92109104, 0.07718141],
       [0.55407595, 0.32423236, 0.32623472],
       [0.47255487, 0.98415617, 0.63735483],
       [0.75181207, 0.29823043, 0.36549266],
       [0.94569422, 0.30353621, 0.41766762],
       [0.85792788, 0.24523451, 0.37485893],
       [0.00836934, 0.21183785, 0.50337079],
       [0.32169487, 0.52664277, 0.35185139],
       [0.94816105, 0.59558048, 0.30551997],
       [0.07131044, 0.48152011, 0.81419877]]), array([0.04276492, 0.95886567, 0.91023628]), array([[ 1.15403995,  0.41045654,  0.31847518],
       [ 0.79008897,  0.8575533 ,  1.12008471],
       [ 0.43361071, -0.04188452,  0.23306402],
       [ 0.22937843,  0.89384102,  0.3876879 ],
       [ 0.46182824,  0.44801296,  0.29470183],
       [ 0.56706723,  0.8518747 ,  0.67512394],
       [ 0.81144995,  0.33882734,  0.26525787],
       [ 0.73893454,  0.50826333,  0.41970018],
       [ 0.75328318,  0.38795062,  0.33678752],
       [ 0.05892267,  0.07358654,  0.59106877],
       [ 0.39258144,  0.63372687,  0.17388072],
       [ 1.03186812,  0.54249485,  0.27489853],
       [ 0.39795971,  0.28301577,  0.68605385]]), array([0.18276492, 1.00886567, 0.72023628]), 0.01, 0.03703703703703709, 0.0, 0.03703703703703709, 0.03703703703703709, 0.03703703703703709]
[array([[0.46214015, 0.45017198, 0.26490797],
       [0.21367742, 0.48562664, 0.8723741 ],
       [0.44326097, 0.21222466, 0.27501125],
       [0.59101299, 0.58762085, 0.39248938],
       [0.55942316, 0.33134846, 0.71261328],
       [0.99568884, 0.77434193, 0.7367151 ],
       [0.29519265, 0.32117965, 0.39559763],
       [0.90479065, 0.3537586 , 0.02789665],
       [0.59824729, 0.98599071, 0.31432873],
       [0.77012507, 0.22681523, 0.94826726],
       [0.16601596, 0.48617284, 0.24462945],
       [0.46425884, 0.21930552, 0.32166839],
       [0.32667355, 0.42915628, 0.23358822]]), array([0.5803021 , 0.44203269, 0.94249404]), array([[0.55150103, 0.34105929, 0.28465979],
       [0.22012224, 0.50056794, 0.85098798],
       [0.39923054, 0.21607509, 0.31519125],
       [0.46641024, 0.6418039 , 0.46290908],
       [0.58685922, 0.34457066, 0.67195502],
       [1.0438976 , 0.75400429, 0.70884398],
       [0.34763175, 0.30968316, 0.35465502],
       [0.78057459, 0.38724512, 0.11862619],
       [0.64592682, 0.92741814, 0.32522178],
       [0.77422466, 0.16119782, 1.00978508],
       [0.20346855, 0.47468191, 0.21866779],
       [0.52475297, 0.22235227, 0.25812751],
       [0.41943213, 0.31627919, 0.25370672]]), array([0.6103021 , 0.50903269, 0.84549404]), 0.001, 0.2222222222222222, 0.0, 0.2222222222222222, 0.2222222222222222, 0.2222222222222222]
