W_inicial:
  [           W1          W2          W3
    X1   [0.24966801, 0.48942496, 0.22120944],
    X2   [0.98766801, 0.94405934, 0.03942681],
    X3   [0.70557517, 0.92524832, 0.18057535],
    X4   [0.56794523, 0.9154883 , 0.03394598],
    X5   [0.69742027, 0.29734901, 0.9243962 ],
    X6   [0.97105825, 0.94426649, 0.47421422],
    X7   [0.86204265, 0.8445494 , 0.31910047],
    X8   [0.82891547, 0.03700763, 0.59626988],
    X9   [0.23000884, 0.12056689, 0.0769532 ],
    X10  [0.69628878, 0.33987496, 0.72476677],
    X11  [0.06535634, 0.31529034, 0.53949129],
    X12  [0.79072316, 0.3187525 , 0.62589138],
    X13  [0.88597775, 0.61586319, 0.23295947]
  ]

bias_inicial:
  [           W0          W0          W0
    X0   [0.02440078, 0.87009887, 0.02126941]
  ]

W_final:
  [            W1           W2           W3
    X1   [ 3.24249302, -3.18571448,  1.70149676],
    X2   [ 2.16575398, -1.91046754,  2.24277022],
    X3   [ 3.89048993, -4.43062829,  2.50452508],
    X4   [-4.21027078,  5.33175283, -0.18383252],
    X5   [-2.80128198,  2.93509857,  2.04047624],
    X6   [ 2.62619917,  0.42570587, -1.92646657],
    X7   [ 4.39270769,  0.02963911, -1.77198477],
    X8   [-0.1609927 ,  1.7697079 , -0.45179547],
    X9   [ 0.14555461,  2.94812758, -1.35968331],
    X10  [ 2.56046905, -3.98574311,  3.97706027],
    X11  [-1.87460599,  5.41349204, -0.97548552],
    X12  [ 1.87403786,  0.61765675, -1.66464296],
    X13  [ 4.30698302, -3.5906482 ,  1.07253365]
  ]

bias_final:
  [            W0           W0           W0
    X0   [-0.32829932,  1.61812824,  0.35816272]
  ]

LR: 1.0

MC_Treino: [[39,  1,  0],
            [ 0, 50,  0],
            [ 0,  0, 34]] 

MC_Val:    [[9, 0, 0],
            [0, 9, 1],
            [0, 0, 8]] 

MC_Test:   [[10,  0,  0],
            [ 0, 11,  0],
            [ 0,  0,  6]]
