[array([[0.38867729, 0.27134903, 0.82873751],
       [0.35675333, 0.28093451, 0.54269608],
       [0.14092422, 0.80219698, 0.07455064],
       [0.98688694, 0.77224477, 0.19871568],
       [0.00552212, 0.81546143, 0.70685734],
       [0.72900717, 0.77127035, 0.07404465],
       [0.35846573, 0.11586906, 0.86310343],
       [0.62329813, 0.33089802, 0.06355835],
       [0.31098232, 0.32518332, 0.72960618],
       [0.63755747, 0.88721274, 0.47221493],
       [0.11959425, 0.71324479, 0.76078505],
       [0.5612772 , 0.77096718, 0.4937956 ],
       [0.52273283, 0.42754102, 0.02541913]]), array([0.10789143, 0.03142919, 0.63641041]), array([[ 5.05797886, -6.62219284,  3.05297781],
       [ 2.12514972, -0.46084792, -0.48391789],
       [ 4.27145945, -4.63152889,  1.37774129],
       [-4.47829992,  6.74943441, -0.3132871 ],
       [-2.94343819,  2.65915331,  1.81212577],
       [ 2.21917551, -0.02206381, -0.62278953],
       [ 1.78409847,  1.86350439, -2.31016465],
       [ 0.62329813,  1.20231806, -0.80786169],
       [-0.12703871,  2.96925545, -1.47644492],
       [ 0.27852439, -2.36921297,  4.08767372],
       [-0.97724043,  6.23493239, -3.66406788],
       [ 0.9143879 ,  4.04545399, -3.13380192],
       [ 4.16897816, -5.20548849,  2.0122033 ]]), array([ 0.10789143,  1.03142919, -0.36358959]), 1.0, 0.23599710464477539, 0.030152976450281307, 0.19231820106506348, 0.22683238983154297, 0.29896092414855957]
[array([[0.31435598, 0.50857069, 0.90756647],
       [0.24929223, 0.41038292, 0.75555114],
       [0.22879817, 0.07697991, 0.28975145],
       [0.16122129, 0.92969765, 0.80812038],
       [0.63340376, 0.87146059, 0.80367208],
       [0.18657006, 0.892559  , 0.53934224],
       [0.80744016, 0.8960913 , 0.31800347],
       [0.11005192, 0.22793516, 0.42710779],
       [0.81801477, 0.86073058, 0.00695213],
       [0.5107473 , 0.417411  , 0.22210781],
       [0.11986537, 0.33761517, 0.9429097 ],
       [0.32320293, 0.51879062, 0.70301896],
       [0.3636296 , 0.97178208, 0.96244729]]), array([0.2517823 , 0.49724851, 0.30087831]), array([[ 0.84544358,  0.0675811 ,  0.81746847],
       [ 0.17062567,  0.43102918,  0.81357144],
       [ 0.53346467, -0.24834543,  0.31041029],
       [-0.05783493,  0.9387062 ,  1.01816804],
       [ 0.69841027,  0.83635392,  0.77377224],
       [ 0.63600605,  0.48556679,  0.49689846],
       [ 1.2803818 ,  0.75051613, -0.009363  ],
       [-0.00425122,  0.42132251,  0.34802359],
       [ 0.72499682,  0.84320974,  0.11749092],
       [ 0.50866708, -0.08739817,  0.7289972 ],
       [ 0.4280981 ,  0.71931364,  0.25297851],
       [ 0.6534765 ,  0.51031596,  0.38122005],
       [ 1.03017813,  0.26482447,  1.00285637]]), array([0.3517823 , 0.49724851, 0.20087831]), 0.1, 0.5591415596008301, 0.24129854669593412, 0.18639922142028809, 0.5141201019287109, 1.0062403678894043]
[array([[0.28484049, 0.03688695, 0.60956433],
       [0.50267902, 0.05147875, 0.27864646],
       [0.90826589, 0.23956189, 0.14489487],
       [0.48945276, 0.98565045, 0.24205527],
       [0.67213555, 0.76161962, 0.23763754],
       [0.72821635, 0.36778313, 0.63230583],
       [0.63352971, 0.53577468, 0.09028977],
       [0.8353025 , 0.32078006, 0.18651851],
       [0.04077514, 0.59089294, 0.67756436],
       [0.01658783, 0.51209306, 0.22649578],
       [0.64517279, 0.17436643, 0.69093774],
       [0.38673535, 0.93672999, 0.13752094],
       [0.34106635, 0.11347352, 0.92469362]]), array([0.87733935, 0.25794163, 0.65998405]), array([[ 0.44805716, -0.08428352,  0.56751814],
       [ 0.38869144,  0.02477126,  0.41934155],
       [ 0.770554  ,  0.15666779,  0.36550086],
       [ 0.26596481,  0.97897164,  0.47222203],
       [ 0.69299443,  0.69272376,  0.28567451],
       [ 0.8145109 ,  0.34027614,  0.57351827],
       [ 0.72987385,  0.56449772, -0.03477741],
       [ 0.6378274 ,  0.40798092,  0.29679276],
       [ 0.14843185,  0.59118233,  0.56961826],
       [ 0.09220301,  0.34052997,  0.32244369],
       [ 0.62838013,  0.36496376,  0.51713307],
       [ 0.47894564,  0.95727706,  0.02476357],
       [ 0.57616053, -0.00242291,  0.80549587]]), array([0.82733935, 0.40794163, 0.55998405]), 0.01, 0.38410871505737304, 0.12635293933273406, 0.21986889839172363, 0.3656017780303955, 0.7015459537506104]
[array([[0.8172222 , 0.55520081, 0.52965058],
       [0.24185229, 0.09310277, 0.89721576],
       [0.90041806, 0.63310146, 0.33902979],
       [0.34920957, 0.72595568, 0.89711026],
       [0.88708642, 0.77987555, 0.64203165],
       [0.08413996, 0.16162871, 0.89855419],
       [0.60642906, 0.00919705, 0.10147154],
       [0.66350177, 0.00506158, 0.16080805],
       [0.54873379, 0.6918952 , 0.65196126],
       [0.22426931, 0.71217922, 0.23724909],
       [0.3253997 , 0.74649141, 0.6496329 ],
       [0.84922341, 0.65761289, 0.5683086 ],
       [0.09367477, 0.3677158 , 0.26520237]]), array([0.24398964, 0.97301055, 0.39309772]), array([[ 0.92962541,  0.38019194,  0.59225624],
       [ 0.21647702,  0.24640628,  0.76928751],
       [ 0.86010499,  0.58957826,  0.42286606],
       [ 0.21366447,  0.84382429,  0.91478676],
       [ 0.88886069,  0.68026885,  0.73986407],
       [ 0.16861713,  0.24907605,  0.72662968],
       [ 0.68885309,  0.09198629, -0.06374173],
       [ 0.50174674,  0.14880017,  0.17882449],
       [ 0.63078605,  0.77019662,  0.49160757],
       [ 0.24334613,  0.49978478,  0.4305667 ],
       [ 0.38975589,  0.78017838,  0.55158973],
       [ 0.932213  ,  0.78266471,  0.3602672 ],
       [ 0.27934004,  0.14632246,  0.30093044]]), array([0.36498964, 0.83901055, 0.40609772]), 0.001, 0.836077938079834, 0.06764363379771744, 0.726165771484375, 0.8228981494903564, 0.9572460651397705]
