[[array([[-4.12655855, -2.00919255,  1.34288874, -2.59879031, -1.99862632,
        -3.05703471,  0.03312558, -2.92526907],
       [-0.60043321, -1.14371182, -5.83411718, -0.61891299, -1.69383396,
        -0.88835597, -4.48820787, -2.95099662],
       [-1.34119036, -1.40178842, -5.25607963, -1.57180444, -2.00474067,
        -0.99049997, -4.33360255, -2.69381831],
       [-0.86098956, -2.3057731 ,  4.84077341, -3.38298845, -1.47128275,
        -0.81577536, -0.0541199 , -2.16669299]]), array([[-1.39396443],
       [-3.3129144 ],
       [-0.20449447],
       [-0.36416599],
       [-0.97285358],
       [-3.69731408],
       [-0.71671567],
       [-1.0066548 ]])], [array([-10.92455453,  -8.50764589,  -3.40106353, -11.53194039,
        -9.14915546, -10.67120634,  -7.94416501, -10.26020022]), array([-0.85254806])], 1.0, 0.1588984203338623, 0.056710727806153965, 0.0986170768737793, 0.1376934051513672, 0.35651636123657227]
[[array([[ 1.04253206e-06,  1.94298902e+00,  5.15481703e-01,
        -1.94921350e+00, -4.93086216e-01, -2.15701294e-01,
        -8.48590192e-01,  7.23987929e-01],
       [-8.39499621e-07,  2.79103214e-01, -3.94954501e-01,
         1.09980826e+00, -6.46423652e-01,  1.50273844e-01,
        -1.57355673e+00, -3.88300475e-01],
       [ 1.04636653e-06,  2.01820394e-02,  1.85750156e-01,
         1.40798190e-01, -9.57315521e-01,  4.84498185e-02,
        -1.41783714e+00, -1.30099306e-01],
       [-3.58812054e-07,  4.62727184e-01, -8.47451714e-01,
        -1.10931938e+00,  9.37797631e-01, -2.66399912e-01,
         1.37837997e+00,  1.82453393e-01]]), array([[ 3.66184977e-06],
       [-4.76532897e-01],
       [-3.48539792e-01],
       [ 3.91098725e-01],
       [ 3.99423961e-01],
       [-6.66885631e-02],
       [-7.94708246e-01],
       [ 1.31552706e-01]])], [array([-0.61497002,  1.19852757,  0.56837482, -0.38278231, -0.96355695,
       -1.26774326,  0.26465375, -0.648946  ]), array([-0.2736515])], 0.1, 0.21557723999023437, 0.03447118500972676, 0.17791152000427246, 0.20727968215942383, 0.3233520984649658]
[[array([[ 4.82338214e-14,  1.54755002e+00,  5.65079485e-01,
        -6.97997574e-01,  9.38326755e-02, -1.69288195e-01,
        -5.71480353e-01,  1.28514412e+00],
       [-4.30494660e-15,  2.13749729e-01, -5.03537526e-01,
         8.90775534e-01,  3.24825453e-01,  7.95917172e-02,
        -9.52755923e-01, -2.94952713e-01],
       [-1.01774210e-13, -4.53857074e-02,  7.80005038e-02,
        -6.88331665e-02,  1.30028045e-02, -2.32991701e-02,
        -7.96824366e-01, -3.71956405e-02],
       [ 6.39475176e-15,  5.05832287e-01, -4.90509323e-01,
        -4.72536844e-01,  5.20035303e-01, -9.65789152e-01,
         8.14543624e-01, -2.79622067e-02]]), array([[-1.08243660e-11],
       [-4.94847474e-01],
       [-7.58254757e-01],
       [ 9.05642539e-01],
       [-2.67543315e-01],
       [ 3.72472898e-01],
       [-9.27793398e-01],
       [ 6.06437174e-01]])], [array([-0.61510994,  1.17876283,  0.64240611, -0.14104993, -0.11008606,
       -0.68427012,  0.19616556, -0.5135895 ]), array([-0.17854192])], 0.01, 0.48760357856750486, 0.0755378106884026, 0.39936375617980957, 0.4782836437225342, 0.8007457256317139]
[[array([[-2.20403534e-03,  1.11839475e+00,  5.55072233e-01,
        -1.50877226e-01, -9.36339308e-02, -6.58381105e-01,
        -4.43973703e-01,  6.96389257e-01],
       [ 4.37790427e-04,  9.86290417e-02, -6.79808504e-01,
         8.08108692e-01,  3.91548808e-01, -1.87938994e-01,
        -5.57216556e-01, -4.06239751e-01],
       [-2.34924217e-02, -1.60584157e-01, -9.80780541e-02,
        -1.51670578e-01,  7.95996574e-02, -2.90943932e-01,
        -4.01213257e-01, -1.47698617e-01],
       [-2.33163997e-09,  8.70801865e-01, -1.66873851e-01,
        -2.56139446e-01,  4.32292989e-01, -7.42633192e-01,
         5.27038262e-01, -2.47161747e-01]]), array([[-0.24735561],
       [-0.32555263],
       [-0.91742309],
       [ 0.69172845],
       [-0.32639167],
       [ 0.31276565],
       [-0.53694117],
       [-0.06598849]])], [array([-0.61510994,  1.04859286,  0.84562822,  0.26429645, -0.07718579,
       -0.53969262,  0.39339024,  0.11766149]), array([-0.10498684])], 0.001, 0.5365967655181885, 0.06883014979569847, 0.3801126480102539, 0.5204193592071533, 0.6510775089263916]
