[[array([[ 1.04253206e-06,  1.94298902e+00,  5.15481703e-01,
        -1.94921350e+00, -4.93086216e-01, -2.15701294e-01,
        -8.48590192e-01,  7.23987929e-01],
       [-8.39499621e-07,  2.79103214e-01, -3.94954501e-01,
         1.09980826e+00, -6.46423652e-01,  1.50273844e-01,
        -1.57355673e+00, -3.88300475e-01],
       [ 1.04636653e-06,  2.01820394e-02,  1.85750156e-01,
         1.40798190e-01, -9.57315521e-01,  4.84498185e-02,
        -1.41783714e+00, -1.30099306e-01],
       [-3.58812054e-07,  4.62727184e-01, -8.47451714e-01,
        -1.10931938e+00,  9.37797631e-01, -2.66399912e-01,
         1.37837997e+00,  1.82453393e-01]]), array([[ 3.66184977e-06],
       [-4.76532897e-01],
       [-3.48539792e-01],
       [ 3.91098725e-01],
       [ 3.99423961e-01],
       [-6.66885631e-02],
       [-7.94708246e-01],
       [ 1.31552706e-01]])], [array([-0.61497002,  1.19852757,  0.56837482, -0.38278231, -0.96355695,
       -1.26774326,  0.26465375, -0.648946  ]), array([-0.2736515])], 0.001, array([[453,  30],
       [ 93,  59]], dtype=int64), array([[82,  3],
       [19,  9]], dtype=int64), array([[81,  6],
       [17,  9]], dtype=int64)]
