[[array([[-2.53693514, -1.70875171,  1.11530669, -0.88064163,  1.01910396,
        -3.39376812, -1.13572418, -1.47676481],
       [-0.82670259, -2.08545058, -1.39387285, -0.34480854, -3.06159804,
        -1.60895189, -1.27529373, -3.11866654],
       [-0.4957816 , -2.34338852, -0.81637454, -1.28607819, -3.37244451,
        -1.71115076, -1.12199304, -2.86152132],
       [-1.74316334,  0.39788007,  1.0804462 , -1.00361639, -2.22684828,
        -0.37430685, -3.19186743, -1.66288728]]), array([[-3.25488922],
       [-1.58744127],
       [-0.72066037],
       [ 1.45842337],
       [ 0.4532341 ],
       [ 2.84681143],
       [-2.45555577],
       [-0.07433967]])], [array([ -8.86104937, -11.93082036,   2.65042483,  -9.71909271,
        -8.9872414 , -10.98466109,  -7.74257326, -10.23318583]), array([0.24519737])], 1.0, 0.2321428571428571, 0.0, 0.2321428571428571, 0.2321428571428571, 0.2321428571428571]
[[array([[ 5.87956366e-06,  1.84341578e+00,  7.46032365e-01,
        -1.49093633e+00,  1.24615664e+00, -1.82750882e-01,
        -7.60738892e-01,  2.77196466e-01],
       [-1.86045294e-06,  3.64013658e-01, -5.87903928e-01,
         9.18118203e-01, -1.77818215e-01,  6.52002191e-01,
        -1.47248270e+00, -1.63649608e-01],
       [ 1.37120803e-05,  1.04939062e-01, -6.79865351e-03,
        -4.13083277e-02, -4.89474331e-01,  5.49177052e-01,
        -1.31671234e+00,  9.47336698e-02],
       [-3.83237003e-06,  1.06292769e+00, -6.74601780e-01,
        -7.53987571e-01,  1.14413022e+00, -1.23148766e+00,
         1.23704766e+00,  7.82127131e-03]]), array([[ 1.35564959e-05],
       [-6.20154082e-01],
       [-5.60407143e-01],
       [ 4.98850391e-01],
       [ 6.00440134e-01],
       [ 6.58859102e-01],
       [-7.23638111e-01],
       [-2.17285122e-02]])], [array([-0.61510994,  1.16316207,  0.79440227, -0.62317455, -0.12513173,
       -2.41683879,  0.13747445,  0.09464374]), array([-0.09537754])], 0.1, 0.2232142857142857, 0.0, 0.2232142857142857, 0.2232142857142857, 0.2232142857142857]
[[array([[-3.33937493e-11,  1.23111945e+00,  5.28119741e-01,
        -7.84065448e-01,  2.30421261e-01, -3.01495556e-01,
        -5.16848995e-01,  6.04450015e-01],
       [-5.65016955e-11,  4.02302144e-01, -5.24231222e-01,
         8.72462439e-01,  4.02410642e-01,  9.09652366e-02,
        -9.66586154e-01,  7.61421604e-02],
       [ 4.69233803e-10,  1.43130210e-01,  5.73948753e-02,
        -8.72370628e-02,  9.05209786e-02, -1.19168705e-02,
        -8.10624442e-01,  3.34465497e-01],
       [-2.97888036e-11,  8.29887839e-01, -4.67070792e-01,
        -5.35120347e-01,  3.69470356e-01, -7.98385327e-01,
         7.05327736e-01, -3.89339181e-01]]), array([[ 1.58902753e-09],
       [-3.62348541e-01],
       [-7.68125576e-01],
       [ 1.03247920e+00],
       [-2.63398315e-01],
       [ 1.74743778e-01],
       [-9.13772497e-01],
       [-1.53354086e-01]])], [array([-0.61510994,  0.99195479,  0.65687655, -0.21737526,  0.17749139,
       -0.69338593,  0.07707829,  0.23676451]), array([-0.2121225])], 0.01, 0.2410714285714286, 0.0, 0.2410714285714286, 0.2410714285714286, 0.2410714285714286]
[[array([[-1.46930713e-03,  1.15610891e+00,  5.76821305e-01,
        -1.68863276e-01, -5.27486912e-02, -5.71030008e-01,
        -3.91957510e-01,  6.48037623e-01],
       [ 3.63543084e-04,  1.77209382e-01, -6.75841762e-01,
         8.09778495e-01,  4.11073444e-01, -1.82708444e-01,
        -5.25092074e-01, -5.00492342e-01],
       [-1.47307074e-02, -8.20091316e-02, -9.41046289e-02,
        -1.50006500e-01,  9.91199585e-02, -2.85716952e-01,
        -3.69085376e-01, -2.41881076e-01],
       [-2.99173995e-07,  9.02143822e-01, -1.75186348e-01,
        -2.57319905e-01,  4.27765159e-01, -6.77678652e-01,
         5.29030234e-01, -2.40225971e-01]]), array([[-0.19492111],
       [-0.31488534],
       [-0.91858437],
       [ 0.68345638],
       [-0.34223127],
       [ 0.2231795 ],
       [-0.52687403],
       [-0.07176276]])], [array([-0.61510994,  1.03300062,  0.81792754,  0.25838774, -0.05578439,
       -0.62782159,  0.38617359,  0.17492593]), array([-0.09950212])], 0.001, 0.2321428571428571, 0.0, 0.2321428571428571, 0.2321428571428571, 0.2321428571428571]
