[array([[0.94045858, 0.95392858],
       [0.91486439, 0.3701587 ],
       [0.01545662, 0.92831856],
       [0.42818415, 0.96665482]]), array([0.96361998, 0.85300946]), array([[ 1.60733167, -0.28207724],
       [-1.5058677 ,  2.83652013],
       [-2.08184301,  2.39385617],
       [ 4.93778952, -4.01352976]]), array([ 4.60111501, -3.29192742]), 1.0, 0.782142857142857, 0.013832083379312196, 0.7589285714285714, 0.7857142857142857, 0.8035714285714286]
[array([[0.94045858, 0.95392858],
       [0.91486439, 0.3701587 ],
       [0.01545662, 0.92831856],
       [0.42818415, 0.96665482]]), array([0.96361998, 0.85300946]), array([[ 0.93826908,  0.80644837],
       [ 0.79257627,  1.04175002],
       [ 0.45097731,  1.06879691],
       [ 0.57941015, -0.29493478]]), array([ 0.54522729, -0.17466967]), 0.1, 0.7839285714285715, 0.01675148485651224, 0.75, 0.7857142857142857, 0.8035714285714286]
[array([[0.94045858, 0.95392858],
       [0.91486439, 0.3701587 ],
       [0.01545662, 0.92831856],
       [0.42818415, 0.96665482]]), array([0.96361998, 0.85300946]), array([[0.23980558, 0.21473429],
       [0.9969705 , 0.80506247],
       [0.33021851, 0.58770716],
       [0.71106022, 0.66136279]]), array([0.40965058, 0.36185229]), 0.01, 0.7889285714285714, 0.015542896533563532, 0.75, 0.7946428571428571, 0.8125]
[array([[0.94045858, 0.95392858],
       [0.91486439, 0.3701587 ],
       [0.01545662, 0.92831856],
       [0.42818415, 0.96665482]]), array([0.96361998, 0.85300946]), array([[0.85210059, 0.85143086],
       [0.31445011, 0.11360529],
       [0.2243818 , 0.43066115],
       [0.84200246, 0.83674289]]), array([0.26095213, 0.2567473 ]), 0.001, 0.7796428571428571, 0.014445534582969046, 0.75, 0.7857142857142857, 0.8035714285714286]
