[array([[0.79086275, 0.32903192],
       [0.84653034, 0.68941646],
       [0.00897692, 0.26746322],
       [0.84119117, 0.17843297]]), array([0.54050415, 0.51882884]), array([[ 1.40560599, -0.28571132],
       [-1.56269909,  3.09864589],
       [-2.40025251,  2.67669265],
       [ 5.22829462, -4.20867048]]), array([ 4.54050415, -3.48117116]), 1.0, 0.1964285714285714, 0.0, 0.1964285714285714, 0.1964285714285714, 0.1964285714285714]
[array([[0.02410227, 0.8450277 ],
       [0.30982825, 0.04059645],
       [0.87454324, 0.50260357],
       [0.67467379, 0.43675616]]), array([0.36429626, 0.86518244]), array([[ 0.52430827,  0.3448217 ],
       [-0.04273577,  0.39316047],
       [ 0.52197923,  0.85516758],
       [ 0.78792955,  0.3235004 ]]), array([0.86429626, 0.36518244]), 0.1, 0.2410714285714286, 0.0, 0.2410714285714286, 0.2410714285714286, 0.2410714285714286]
[array([[0.76290324, 0.56624634],
       [0.90256466, 0.23389371],
       [0.46049282, 0.08673411],
       [0.58777087, 0.57799318]]), array([0.53714985, 0.32698586]), array([[0.67210797, 0.65704161],
       [0.61741371, 0.51904466],
       [0.17534186, 0.37188506],
       [0.61362208, 0.55214198]]), array([0.46714985, 0.39698586]), 0.01, 0.25, 0.0, 0.25, 0.25, 0.25]
[array([[0.83434685, 0.19102759],
       [0.3323375 , 0.70412853],
       [0.42346579, 0.58789082],
       [0.63200834, 0.03374497]]), array([0.65505901, 0.95609383]), array([[0.62689629, 0.39847815],
       [0.35060581, 0.68586022],
       [0.4417341 , 0.56962251],
       [0.4932688 , 0.17248451]]), array([0.92005901, 0.69109383]), 0.001, 0.25, 0.0, 0.25, 0.25, 0.25]
