[array([[0.83434685, 0.19102759],
       [0.3323375 , 0.70412853],
       [0.42346579, 0.58789082],
       [0.63200834, 0.03374497]]), array([0.65505901, 0.95609383]), array([[ 1.40560599, -0.28571132],
       [-1.56269909,  3.09864589],
       [-2.40025251,  2.67669265],
       [ 5.22829462, -4.20867048]]), array([ 4.54050415, -3.48117116]), 1.0, array([[384,  21],
       [ 87,  31]], dtype=int64), array([[75,  2],
       [27,  9]], dtype=int64), array([[83,  5],
       [17,  7]], dtype=int64)]
