[array([[0.89204656, 0.63113863],
       [0.7948113 , 0.50263709],
       [0.57690388, 0.49251769],
       [0.19524299, 0.72245212]]), array([0.28077236, 0.02431597]), array([[ 1.26122301,  0.26196217],
       [-0.92390676,  2.22135516],
       [-1.14181418,  2.21123576],
       [ 2.79929676, -1.88160166]]), array([ 2.28077236, -1.97568403]), 1.0, 1.0758132648468017, 0.23180659378200866, 0.7675728797912598, 1.0161397457122803, 1.7987182140350342]
[array([[0.6454723 , 0.17711068],
       [0.94045858, 0.95392858],
       [0.91486439, 0.3701587 ],
       [0.01545662, 0.92831856]]), array([0.42818415, 0.96665482]), array([[0.57081074, 0.25177224],
       [0.61334773, 1.28103943],
       [0.58775353, 0.69726956],
       [0.79256773, 0.15120745]]), array([1.02818415, 0.36665482]), 0.1, 1.6439108562469482, 0.29701598028680376, 1.3462114334106445, 1.55818510055542, 2.6072089672088623]
[array([[0.96361998, 0.85300946],
       [0.29444889, 0.38509773],
       [0.85113667, 0.31692201],
       [0.16949275, 0.55680126]]), array([0.93615477, 0.6960298 ]), array([[0.91116023, 0.9054692 ],
       [0.16357935, 0.51596727],
       [0.72026713, 0.44779155],
       [0.38604849, 0.34024552]]), array([0.84615477, 0.7860298 ]), 0.01, 1.3227237224578858, 0.3215471588516448, 1.0332443714141846, 1.2024140357971191, 2.542358160018921]
[array([[0.57006117, 0.09717649],
       [0.61500723, 0.99005385],
       [0.14008402, 0.51832965],
       [0.87737307, 0.74076862]]), array([0.69701574, 0.70248408]), array([[0.41027155, 0.25696611],
       [0.75715176, 0.84790931],
       [0.28222855, 0.37618512],
       [0.87932965, 0.73881204]]), array([0.80101574, 0.59848408]), 0.001, 1.0324869918823243, 0.12207436163310549, 0.7508440017700195, 1.044551134109497, 1.3275940418243408]
